AC	motif1
XX
ID	motif1
P0	A	C	G	T
01	0.240522	0.250448	0.254078	0.254952
02	0.230961	0.263863	0.237456	0.267720
03	0.261417	0.215453	0.287967	0.235163
04	0.252603	0.237878	0.243593	0.265925
05	0.215708	0.278424	0.239146	0.266721
06	0.261065	0.237163	0.265652	0.236120
07	0.220686	0.239144	0.252248	0.287922
08	0.227880	0.295458	0.232309	0.244352
09	0.251225	0.232876	0.225329	0.290570
10	0.200803	0.331976	0.228641	0.238580
11	0.249092	0.247652	0.253449	0.249807
12	0.219310	0.211081	0.038820	0.530789
13	0.294889	0.000000	0.000864	0.704246
14	0.072570	0.005496	0.139941	0.781993
15	0.560184	0.120543	0.152393	0.166880
16	0.312955	0.302155	0.132330	0.252560
17	0.000468	0.395572	0.583620	0.020340
18	0.213930	0.004649	0.075575	0.705845
19	0.242366	0.055876	0.047114	0.654644
20	0.259595	0.250473	0.252632	0.237300
21	0.241901	0.248389	0.266091	0.243619
22	0.238894	0.265270	0.233591	0.262246
23	0.212999	0.269504	0.283406	0.234091
24	0.256191	0.221083	0.245396	0.277330
25	0.264326	0.254380	0.237242	0.244051
26	0.255214	0.247488	0.269305	0.227994
27	0.228336	0.261084	0.239196	0.271384
28	0.310156	0.214344	0.229890	0.245610
29	0.239888	0.263452	0.262218	0.234441
30	0.233409	0.263524	0.257961	0.245107
XX
PD	0
XX
//
AC	motif2
XX
ID	motif2
P0	A	C	G	T
01	0.239464	0.276796	0.236814	0.246927
02	0.239780	0.263375	0.275964	0.220881
03	0.242999	0.244950	0.281709	0.230343
04	0.244196	0.228203	0.249117	0.278484
05	0.247941	0.215890	0.246786	0.289383
06	0.250286	0.258609	0.231954	0.259151
07	0.236774	0.280033	0.215725	0.267468
08	0.246601	0.228942	0.242780	0.281677
09	0.243955	0.275608	0.216466	0.263971
10	0.211812	0.286996	0.222778	0.278414
11	0.245416	0.269814	0.256447	0.228323
12	0.272892	0.226066	0.263303	0.237738
13	0.983463	0.000310	0.000069	0.016158
14	0.544165	0.183973	0.019926	0.251937
15	0.000000	0.000000	1.000000	0.000000
16	0.240157	0.222807	0.405574	0.131463
17	0.000000	0.000000	1.000000	0.000000
18	0.034391	0.001168	0.100075	0.864366
19	0.259167	0.234720	0.227741	0.278372
20	0.237019	0.232208	0.239331	0.291442
21	0.268740	0.237142	0.252534	0.241584
22	0.259781	0.269781	0.243041	0.227397
23	0.260755	0.252209	0.229153	0.257883
24	0.254714	0.242664	0.277305	0.225317
25	0.266949	0.269869	0.252806	0.210376
26	0.236054	0.290504	0.210887	0.262554
27	0.273210	0.262407	0.240339	0.224043
28	0.248180	0.258670	0.226239	0.266911
29	0.287167	0.228528	0.283286	0.201019
30	0.231078	0.259908	0.215425	0.293589
XX
PD	0
XX
//
AC	motif3
XX
ID	motif3
P0	A	C	G	T
01	0.225520	0.268053	0.263880	0.242547
02	0.162394	0.425110	0.184094	0.228402
03	0.338874	0.181745	0.214996	0.264384
04	0.277683	0.066687	0.250788	0.404842
05	0.124886	0.536969	0.278861	0.059283
06	0.515415	0.055233	0.102746	0.326607
07	0.229732	0.277489	0.249233	0.243546
08	0.000000	0.976079	0.000000	0.023921
09	1.000000	0.000000	0.000000	0.000000
10	0.096729	0.368381	0.438977	0.095913
11	0.605200	0.081938	0.002733	0.310128
12	0.000000	0.137062	0.862921	0.000018
13	0.396141	0.237122	0.097018	0.269718
14	0.460755	0.151193	0.288883	0.099169
15	0.515215	0.191886	0.277851	0.015048
16	0.401633	0.280715	0.093975	0.223677
17	0.213108	0.496137	0.004027	0.286727
18	0.033421	0.683097	0.282843	0.000639
19	0.000000	0.000000	1.000000	0.000000
20	0.288524	0.004149	0.000289	0.707039
21	0.185295	0.411676	0.221021	0.182008
22	0.000000	0.000000	1.000000	0.000000
23	0.111540	0.129636	0.395223	0.363601
24	0.000000	0.000000	1.000000	0.000000
25	0.000000	0.000000	0.000000	1.000000
26	1.000000	0.000000	0.000000	0.000000
27	0.999984	0.000000	0.000000	0.000016
28	0.702101	0.001630	0.007110	0.289159
29	0.263316	0.238077	0.264617	0.233990
30	0.275321	0.232748	0.249648	0.242282
XX
PD	0
XX
//
AC	motif4
XX
ID	motif4
P0	A	C	G	T
01	0.222826	0.253347	0.300079	0.223748
02	0.289587	0.237788	0.194154	0.278471
03	0.259351	0.270839	0.225344	0.244465
04	0.360033	0.126769	0.180112	0.333085
05	1.000000	0.000000	0.000000	0.000000
06	0.243509	0.240563	0.254389	0.261539
07	0.353460	0.620194	0.002001	0.024345
08	0.030251	0.013228	0.229443	0.727079
09	0.116111	0.142440	0.250226	0.491224
10	0.095232	0.002409	0.218599	0.683759
11	0.240643	0.183043	0.353124	0.223190
12	0.000000	0.002515	0.001494	0.995991
13	0.503727	0.000000	0.000003	0.496270
14	0.118958	0.187164	0.334831	0.359047
15	0.192372	0.198959	0.286092	0.322577
16	0.662347	0.093537	0.081160	0.162957
17	0.269108	0.245176	0.000072	0.485644
18	0.617341	0.006678	0.238802	0.137180
19	0.000000	0.000000	0.000000	1.000000
20	0.260444	0.299414	0.188089	0.252052
21	0.005315	0.964077	0.020524	0.010084
22	0.393851	0.273591	0.016330	0.316228
23	0.012959	0.088121	0.000080	0.898840
24	0.992162	0.006040	0.001789	0.000008
25	0.000001	0.999999	0.000000	0.000000
26	0.000000	0.000000	1.000000	0.000000
27	0.001994	0.000045	0.997431	0.000531
28	0.281485	0.281920	0.215278	0.221317
29	0.248007	0.230406	0.253634	0.267953
30	0.247571	0.221209	0.281928	0.249292
XX
PD	0
XX
//
AC	motif5
XX
ID	motif5
P0	A	C	G	T
01	0.280543	0.235136	0.243611	0.240709
02	0.256489	0.202670	0.275611	0.265230
03	0.399291	0.015401	0.541777	0.043531
04	0.752203	0.127836	0.000789	0.119172
05	0.000000	0.000000	1.000000	0.000000
06	0.000000	0.000000	0.000000	1.000000
07	0.255430	0.233577	0.211777	0.299217
08	0.008162	0.098238	0.311073	0.582527
09	0.000000	0.000048	0.999952	0.000000
10	0.253438	0.183148	0.324637	0.238778
11	0.354374	0.267059	0.183680	0.194886
12	0.016779	0.000000	0.924965	0.058256
13	0.000000	0.996449	0.000000	0.003551
14	0.128247	0.383076	0.080322	0.408355
15	0.000000	0.000000	0.000000	1.000000
16	0.000002	0.999998	0.000000	0.000000
17	0.227030	0.264388	0.235320	0.273261
18	0.318749	0.002126	0.102585	0.576539
19	0.536424	0.463471	0.000105	0.000000
20	0.000034	0.004474	0.629225	0.366267
21	0.868604	0.129986	0.000002	0.001409
22	0.142114	0.020249	0.721076	0.116562
23	0.005905	0.000184	0.000234	0.993677
24	0.127384	0.225389	0.427403	0.219825
25	0.002977	0.049256	0.119717	0.828051
26	0.392298	0.302402	0.282170	0.023130
27	0.234662	0.229563	0.167009	0.368766
28	0.000000	0.000000	1.000000	0.000000
29	0.263909	0.247086	0.236537	0.252468
30	0.229248	0.291273	0.233349	0.246129
XX
PD	0
XX
//
AC	motif6
XX
ID	motif6
P0	A	C	G	T
01	0.233496	0.271450	0.246741	0.248313
02	0.267526	0.237389	0.252008	0.243077
03	0.266970	0.226110	0.250867	0.256053
04	0.218470	0.265563	0.252823	0.263144
05	0.237493	0.245405	0.259479	0.257623
06	0.771865	0.222980	0.004535	0.000619
07	0.330706	0.425244	0.105302	0.138749
08	0.208121	0.562624	0.081167	0.148088
09	0.754308	0.003383	0.007619	0.234691
10	1.000000	0.000000	0.000000	0.000000
11	0.003183	0.000000	0.000000	0.996817
12	0.952277	0.000004	0.047718	0.000000
13	0.126277	0.035137	0.745694	0.092892
14	0.000657	0.057016	0.001741	0.940587
15	1.000000	0.000000	0.000000	0.000000
16	0.000000	1.000000	0.000000	0.000000
17	0.018872	0.979172	0.001956	0.000000
18	1.000000	0.000000	0.000000	0.000000
19	0.063643	0.010482	0.150383	0.775492
20	0.995118	0.003432	0.001450	0.000000
21	0.000000	1.000000	0.000000	0.000000
22	0.000002	0.007029	0.990973	0.001996
23	0.226186	0.423905	0.292953	0.056956
24	0.000000	1.000000	0.000000	0.000000
25	0.248301	0.289561	0.225288	0.236849
26	0.252875	0.217109	0.283770	0.246245
27	0.257687	0.274734	0.238975	0.228604
28	0.232583	0.234343	0.263841	0.269234
29	0.259770	0.301301	0.203780	0.235148
30	0.254262	0.233661	0.255299	0.256779
XX
PD	0
XX
//
AC	motif7
XX
ID	motif7
P0	A	C	G	T
01	0.233027	0.227152	0.300869	0.238952
02	0.225042	0.226534	0.275267	0.273157
03	0.759863	0.024186	0.000989	0.214963
04	0.997677	0.001365	0.000816	0.000142
05	0.659425	0.072890	0.086701	0.180984
06	0.283578	0.201447	0.421918	0.093058
07	1.000000	0.000000	0.000000	0.000000
08	0.004278	0.005543	0.576443	0.413735
09	0.078365	0.025727	0.015103	0.880804
10	0.930755	0.001913	0.066834	0.000498
11	0.699797	0.016138	0.280103	0.003962
12	0.002184	0.000015	0.995819	0.001982
13	0.000000	0.000000	1.000000	0.000000
14	0.190200	0.150579	0.628235	0.030985
15	0.801245	0.008007	0.032933	0.157815
16	0.300998	0.265677	0.272213	0.161112
17	0.000000	1.000000	0.000000	0.000000
18	0.242959	0.103175	0.389790	0.264076
19	0.031418	0.577832	0.203816	0.186933
20	0.000011	0.000308	0.000000	0.999681
21	0.335008	0.231191	0.274460	0.159340
22	0.240266	0.439810	0.212735	0.107190
23	0.200791	0.124381	0.429585	0.245243
24	0.775253	0.000004	0.000033	0.224710
25	0.000023	0.010081	0.000247	0.989649
26	0.156247	0.122759	0.673413	0.047581
27	0.236341	0.357622	0.060252	0.345785
28	0.000010	0.000000	0.999990	0.000000
29	0.249278	0.249290	0.253086	0.248346
30	0.229567	0.255640	0.258284	0.256510
XX
PD	0
XX
//
AC	motif8
XX
ID	motif8
P0	A	C	G	T
01	0.230936	0.243203	0.257896	0.267965
02	0.269132	0.228519	0.236315	0.266034
03	0.248068	0.245185	0.243422	0.263325
04	0.258738	0.225396	0.251501	0.264366
05	0.252146	0.242098	0.274062	0.231694
06	0.241619	0.230040	0.229836	0.298506
07	0.260199	0.225345	0.284725	0.229731
08	0.219613	0.272580	0.235940	0.271867
09	0.000000	0.000000	1.000000	0.000000
10	0.077179	0.867823	0.054997	0.000000
11	0.000001	0.999980	0.000000	0.000019
12	0.284352	0.424412	0.117546	0.173690
13	0.000000	0.029547	0.970296	0.000157
14	0.562290	0.042401	0.395256	0.000054
15	0.000000	0.299172	0.048319	0.652509
16	0.307903	0.303109	0.227208	0.161780
17	0.000000	0.525393	0.466417	0.008190
18	0.000000	1.000000	0.000000	0.000000
19	0.231384	0.000064	0.768444	0.000108
20	0.581816	0.000003	0.127620	0.290561
21	0.001233	0.529041	0.467895	0.001831
22	0.206105	0.100796	0.258599	0.434499
23	0.224241	0.290025	0.232177	0.253557
24	0.248359	0.261878	0.244501	0.245262
25	0.247726	0.219376	0.239413	0.293485
26	0.262686	0.246488	0.242155	0.248670
27	0.228233	0.283454	0.224275	0.264038
28	0.264187	0.231946	0.261830	0.242036
29	0.237774	0.272196	0.239165	0.250865
30	0.236678	0.289757	0.232453	0.241112
XX
PD	0
XX
//
AC	motif9
XX
ID	motif9
P0	A	C	G	T
01	0.295891	0.239818	0.231331	0.232960
02	0.271305	0.258258	0.244228	0.226210
03	0.247003	0.264631	0.232705	0.255661
04	0.275340	0.225190	0.267663	0.231807
05	0.239000	0.282142	0.239450	0.239407
06	0.209607	0.243600	0.269898	0.276894
07	0.253887	0.251970	0.250828	0.243314
08	0.417010	0.295058	0.117927	0.170005
09	0.304506	0.220536	0.139692	0.335265
10	0.066946	0.046760	0.589919	0.296375
11	0.573835	0.203553	0.117520	0.105092
12	0.000000	0.000000	0.000000	1.000000
13	0.904475	0.004650	0.079671	0.011203
14	0.059481	0.429721	0.187218	0.323580
15	0.066907	0.092684	0.296497	0.543912
16	0.745312	0.000334	0.118934	0.135421
17	1.000000	0.000000	0.000000	0.000000
18	0.170226	0.233777	0.244576	0.351421
19	0.208912	0.390631	0.257028	0.143429
20	0.068762	0.300571	0.175748	0.454920
21	0.207883	0.162553	0.306613	0.322950
22	0.166461	0.207934	0.382553	0.243052
23	0.000012	0.000499	0.000000	0.999489
24	0.262956	0.284319	0.231383	0.221342
25	0.238657	0.212101	0.271747	0.277495
26	0.226785	0.297480	0.215907	0.259828
27	0.220599	0.219049	0.319175	0.241178
28	0.278934	0.223375	0.251601	0.246090
29	0.258613	0.309571	0.184879	0.246937
30	0.209858	0.245352	0.251256	0.293534
XX
PD	0
XX
//
AC	motif10
XX
ID	motif10
P0	A	C	G	T
01	0.231598	0.272098	0.228496	0.267808
02	0.229181	0.234986	0.243007	0.292826
03	0.000000	0.379798	0.032091	0.588111
04	0.196884	0.097474	0.432192	0.273450
05	1.000000	0.000000	0.000000	0.000000
06	0.289842	0.344947	0.119897	0.245314
07	0.000000	1.000000	0.000000	0.000000
08	0.286414	0.105792	0.185247	0.422547
09	0.000047	0.003276	0.959570	0.037107
10	0.018611	0.575015	0.019137	0.387237
11	0.000000	0.711993	0.000000	0.288007
12	0.099982	0.089355	0.798272	0.012391
13	0.887318	0.000000	0.112682	0.000000
14	0.673052	0.293767	0.003074	0.030108
15	0.159134	0.309062	0.290669	0.241135
16	1.000000	0.000000	0.000000	0.000000
17	0.123695	0.063418	0.703819	0.109067
18	0.247297	0.246352	0.291040	0.215312
19	0.259104	0.247722	0.224971	0.268203
20	0.066573	0.357013	0.399455	0.176959
21	0.053342	0.405578	0.206162	0.334919
22	0.000000	0.000000	1.000000	0.000000
23	0.310139	0.172005	0.441939	0.075917
24	0.043299	0.000027	0.956668	0.000005
25	0.000000	0.000000	1.000000	0.000000
26	0.221805	0.054086	0.665818	0.058291
27	0.262991	0.441853	0.176662	0.118494
28	0.268035	0.244407	0.268729	0.218829
29	0.226748	0.273207	0.223360	0.276685
30	0.279976	0.250106	0.250499	0.219419
XX
PD	0
XX
//
AC	motif11
XX
ID	motif11
P0	A	C	G	T
01	0.262898	0.226259	0.253554	0.257289
02	0.268382	0.228667	0.266053	0.236897
03	0.217297	0.279506	0.232603	0.270594
04	0.255366	0.239805	0.256854	0.247976
05	0.229193	0.278292	0.202859	0.289656
06	0.270617	0.233252	0.237091	0.259041
07	0.274850	0.222835	0.238790	0.263524
08	0.254428	0.248622	0.260410	0.236539
09	0.248220	0.223795	0.266666	0.261319
10	0.262774	0.244513	0.254702	0.238011
11	0.351126	0.401030	0.184704	0.063141
12	0.000005	0.071220	0.865902	0.062873
13	0.350239	0.187851	0.268460	0.193451
14	0.242696	0.757116	0.000183	0.000005
15	0.316191	0.342834	0.033497	0.307478
16	0.533534	0.251695	0.019582	0.195188
17	0.000000	0.000000	0.000000	1.000000
18	0.107640	0.366193	0.337632	0.188535
19	0.396620	0.097819	0.387275	0.118285
20	0.281754	0.224729	0.238444	0.255072
21	0.216665	0.229749	0.242528	0.311058
22	0.271612	0.230335	0.239241	0.258812
23	0.272707	0.242878	0.241560	0.242855
24	0.261579	0.262741	0.255315	0.220365
25	0.285502	0.216702	0.234637	0.263160
26	0.265255	0.248820	0.251920	0.234005
27	0.261472	0.248411	0.237264	0.252853
28	0.277846	0.240892	0.248579	0.232682
29	0.273703	0.246345	0.217679	0.262273
30	0.252462	0.279244	0.263901	0.204393
XX
PD	0
XX
//
AC	motif12
XX
ID	motif12
P0	A	C	G	T
01	0.255327	0.273814	0.260333	0.210526
02	0.217518	0.240684	0.263072	0.278726
03	0.266779	0.222383	0.266158	0.244679
04	0.213473	0.290538	0.231476	0.264513
05	0.223697	0.269442	0.264305	0.242556
06	0.221983	0.281043	0.264104	0.232869
07	0.251743	0.230596	0.286518	0.231143
08	0.238849	0.277928	0.242808	0.240415
09	0.263963	0.310502	0.415266	0.010269
10	0.003311	0.009071	0.767780	0.219838
11	0.334959	0.239220	0.088823	0.336998
12	0.329116	0.134259	0.311818	0.224806
13	0.303164	0.229985	0.212844	0.254007
14	0.000000	0.000000	1.000000	0.000000
15	0.224953	0.265038	0.289860	0.220149
16	0.000000	0.000000	0.000000	1.000000
17	0.332933	0.211991	0.418179	0.036897
18	0.117322	0.300373	0.380259	0.202047
19	0.000000	0.000000	0.000000	1.000000
20	0.000000	1.000000	0.000000	0.000000
21	0.126867	0.730727	0.137374	0.005032
22	0.237202	0.253362	0.264434	0.245002
23	0.216797	0.255256	0.277853	0.250094
24	0.240883	0.268595	0.221966	0.268556
25	0.215727	0.263699	0.256382	0.264192
26	0.262833	0.257439	0.231093	0.248634
27	0.258483	0.253593	0.253036	0.234888
28	0.227286	0.261061	0.261960	0.249693
29	0.266121	0.237721	0.238088	0.258069
30	0.248857	0.221095	0.259818	0.270230
XX
PD	0
XX
//
AC	motif13
XX
ID	motif13
P0	A	C	G	T
01	0.253624	0.215934	0.309355	0.221087
02	0.269987	0.243865	0.216708	0.269439
03	0.250805	0.264151	0.262391	0.222652
04	0.235725	0.222616	0.297563	0.244096
05	0.268980	0.219828	0.261509	0.249683
06	0.255886	0.268209	0.233405	0.242500
07	0.263315	0.245621	0.256067	0.234997
08	0.227445	0.270869	0.249064	0.252621
09	0.260673	0.242939	0.252810	0.243578
10	0.266654	0.232786	0.287089	0.213470
11	0.209830	0.266155	0.245004	0.279011
12	0.998363	0.000000	0.000017	0.001620
13	0.000000	1.000000	0.000000	0.000000
14	0.566302	0.274395	0.117919	0.041384
15	0.008946	0.043240	0.192925	0.754889
16	0.134888	0.339883	0.197237	0.327993
17	0.351907	0.149085	0.304654	0.194354
18	0.106391	0.000481	0.210154	0.682974
19	0.144081	0.261549	0.501574	0.092796
20	0.227670	0.263317	0.250349	0.258664
21	0.229017	0.269505	0.265721	0.235757
22	0.276290	0.232529	0.220350	0.270830
23	0.244701	0.232657	0.280865	0.241777
24	0.259823	0.262909	0.230059	0.247209
25	0.236156	0.234261	0.259632	0.269951
26	0.246428	0.271285	0.231555	0.250731
27	0.265332	0.234268	0.233478	0.266922
28	0.228382	0.236968	0.259118	0.275531
29	0.261582	0.218345	0.285310	0.234763
30	0.248485	0.222288	0.262398	0.266828
XX
PD	0
XX
//
AC	motif14
XX
ID	motif14
P0	A	C	G	T
01	0.299673	0.208653	0.269464	0.222210
02	0.251937	0.259044	0.241083	0.247936
03	0.253792	0.243330	0.277339	0.225538
04	0.255817	0.248865	0.246634	0.248684
05	0.231171	0.274506	0.255307	0.239015
06	0.212674	0.254180	0.242416	0.290730
07	0.000001	0.348431	0.651568	0.000000
08	0.376068	0.000000	0.386962	0.236969
09	0.172290	0.173512	0.583683	0.070515
10	0.061473	0.769217	0.092997	0.076312
11	0.000000	0.000000	1.000000	0.000000
12	0.000000	0.121182	0.878757	0.000061
13	0.602977	0.000455	0.361068	0.035500
14	0.117954	0.005807	0.759365	0.116874
15	0.000000	1.000000	0.000000	0.000000
16	0.049642	0.567907	0.280070	0.102381
17	0.089455	0.116132	0.718159	0.076253
18	0.229084	0.370462	0.064774	0.335680
19	0.005875	0.000000	0.994125	0.000000
20	0.000000	0.000012	0.964046	0.035942
21	0.365472	0.577580	0.017740	0.039209
22	0.002213	0.501163	0.002152	0.494472
23	0.000000	1.000000	0.000000	0.000000
24	0.261902	0.210887	0.268298	0.258912
25	0.253307	0.213417	0.257662	0.275614
26	0.231866	0.227621	0.255276	0.285237
27	0.221214	0.224757	0.247510	0.306519
28	0.245783	0.271985	0.218727	0.263504
29	0.211738	0.281544	0.244879	0.261838
30	0.305280	0.227739	0.221689	0.245293
XX
PD	0
XX
//
AC	motif15
XX
ID	motif15
P0	A	C	G	T
01	0.696463	0.101800	0.199362	0.002375
02	0.000000	1.000000	0.000000	0.000000
03	0.359148	0.022022	0.055529	0.563301
04	0.294471	0.186994	0.342651	0.175884
05	0.000000	0.990098	0.000000	0.009902
06	0.588866	0.207026	0.053394	0.150714
07	0.364129	0.382997	0.009883	0.242991
08	0.000000	0.000000	1.000000	0.000000
09	0.395330	0.212734	0.015744	0.376192
10	0.370161	0.256914	0.182636	0.190288
11	0.000000	1.000000	0.000000	0.000000
12	0.000000	0.000000	0.000000	1.000000
13	0.232996	0.287426	0.072958	0.406620
14	0.004159	0.000000	0.282392	0.713449
15	0.004696	0.256455	0.210466	0.528383
16	0.432003	0.000003	0.155398	0.412596
17	0.326487	0.250396	0.169199	0.253917
18	0.091780	0.230516	0.247460	0.430243
19	0.614707	0.000384	0.258208	0.126700
20	0.474550	0.357200	0.000039	0.168211
21	0.088845	0.002692	0.000049	0.908413
22	0.595147	0.009207	0.148889	0.246757
23	0.000000	1.000000	0.000000	0.000000
24	0.055748	0.073365	0.384985	0.485902
25	0.881599	0.000029	0.000825	0.117546
26	0.363041	0.076528	0.328112	0.232319
27	0.000000	0.000000	1.000000	0.000000
28	0.282178	0.020338	0.697483	0.000000
29	0.668358	0.000000	0.331642	0.000000
30	0.030893	0.178179	0.186849	0.604080
XX
PD	0
XX
//
AC	motif16
XX
ID	motif16
P0	A	C	G	T
01	0.292138	0.243078	0.243704	0.221079
02	0.287248	0.230230	0.252224	0.230298
03	0.238457	0.246372	0.270073	0.245098
04	0.269518	0.273662	0.232691	0.224129
05	0.272957	0.269125	0.252082	0.205836
06	0.241039	0.238753	0.274270	0.245939
07	0.244499	0.240467	0.231365	0.283670
08	0.254168	0.224420	0.255305	0.266107
09	0.226906	0.253767	0.252109	0.267219
10	0.279873	0.238315	0.256139	0.225673
11	0.290917	0.346814	0.157171	0.205097
12	0.012541	0.713799	0.273657	0.000002
13	0.146623	0.007747	0.094873	0.750757
14	0.427744	0.162543	0.058302	0.351411
15	0.000000	0.000000	0.000000	1.000000
16	0.077897	0.028531	0.223493	0.670078
17	0.000000	1.000000	0.000000	0.000000
18	0.112033	0.219106	0.363188	0.305673
19	0.000000	0.000000	0.000000	1.000000
20	0.243059	0.251722	0.266681	0.238538
21	0.205203	0.271864	0.230162	0.292771
22	0.280627	0.263861	0.226618	0.228894
23	0.238365	0.273465	0.210458	0.277711
24	0.249437	0.243436	0.251561	0.255567
25	0.288436	0.239694	0.224713	0.247156
26	0.262699	0.279663	0.253406	0.204232
27	0.248800	0.246794	0.252081	0.252324
28	0.221944	0.276677	0.255728	0.245650
29	0.262483	0.250118	0.216428	0.270970
30	0.300192	0.233440	0.204920	0.261449
XX
PD	0
XX
//
AC	motif17
XX
ID	motif17
P0	A	C	G	T
01	0.261340	0.283194	0.219309	0.236157
02	0.235605	0.267461	0.221863	0.275071
03	0.242233	0.261901	0.236940	0.258926
04	0.279412	0.233729	0.229277	0.257582
05	0.264788	0.233125	0.248985	0.253102
06	0.256180	0.270138	0.207065	0.266617
07	0.298026	0.235076	0.236805	0.230094
08	0.051272	0.575612	0.318049	0.055067
09	0.231302	0.303889	0.228426	0.236383
10	0.268952	0.300789	0.225803	0.204457
11	1.000000	0.000000	0.000000	0.000000
12	0.000000	0.000000	1.000000	0.000000
13	0.405564	0.437225	0.000000	0.157211
14	0.000129	0.997666	0.001924	0.000281
15	0.000030	0.441903	0.535531	0.022536
16	0.947143	0.001330	0.051528	0.000000
17	0.999681	0.000305	0.000014	0.000000
18	0.234784	0.262461	0.246444	0.256311
19	0.993645	0.000000	0.006355	0.000000
20	0.008637	0.679335	0.312028	0.000000
21	0.412908	0.249110	0.118124	0.219858
22	0.194072	0.267798	0.295982	0.242149
23	0.251207	0.249618	0.261464	0.237711
24	0.245176	0.275193	0.220565	0.259066
25	0.265195	0.220583	0.233857	0.280364
26	0.275040	0.223456	0.231634	0.269870
27	0.262219	0.250277	0.239290	0.248213
28	0.237985	0.254923	0.240106	0.266985
29	0.233481	0.248666	0.241585	0.276268
30	0.316848	0.230704	0.233608	0.218840
XX
PD	0
XX
//
AC	motif18
XX
ID	motif18
P0	A	C	G	T
01	0.299232	0.254944	0.229352	0.216472
02	0.233704	0.229336	0.279106	0.257854
03	0.247141	0.263793	0.234602	0.254464
04	0.247318	0.226830	0.266101	0.259751
05	0.275341	0.229145	0.229692	0.265822
06	0.261166	0.238106	0.237711	0.263017
07	0.275048	0.262396	0.236602	0.225955
08	0.000000	0.000002	0.830829	0.169169
09	0.297570	0.363716	0.009056	0.329659
10	0.000176	0.163216	0.001573	0.835035
11	0.089839	0.000000	0.003073	0.907087
12	0.000000	0.000000	1.000000	0.000000
13	0.000000	0.000000	1.000000	0.000000
14	0.262382	0.154821	0.348490	0.234307
15	0.000000	0.000000	0.000000	1.000000
16	0.279132	0.233338	0.235422	0.252108
17	1.000000	0.000000	0.000000	0.000000
18	0.000000	1.000000	0.000000	0.000000
19	0.444465	0.176303	0.114589	0.264644
20	0.005286	0.994497	0.000217	0.000000
21	0.000000	1.000000	0.000000	0.000000
22	0.751340	0.174645	0.012366	0.061649
23	0.000000	1.000000	0.000000	0.000000
24	0.298269	0.228493	0.247741	0.225497
25	0.251115	0.254369	0.261292	0.233224
26	0.238668	0.241351	0.279839	0.240141
27	0.271177	0.237767	0.247164	0.243892
28	0.274893	0.244223	0.260935	0.219949
29	0.246518	0.272943	0.256476	0.224064
30	0.275902	0.216764	0.259242	0.248092
XX
PD	0
XX
//
AC	motif19
XX
ID	motif19
P0	A	C	G	T
01	0.248207	0.249249	0.219001	0.283544
02	0.061518	0.223165	0.187659	0.527658
03	0.329903	0.222859	0.169944	0.277294
04	0.924864	0.075134	0.000000	0.000002
05	0.995598	0.000695	0.000000	0.003707
06	1.000000	0.000000	0.000000	0.000000
07	0.125690	0.224697	0.368649	0.280963
08	0.084982	0.161326	0.340184	0.413508
09	0.272075	0.128817	0.274210	0.324898
10	0.228975	0.376591	0.126557	0.267878
11	0.247742	0.250109	0.255370	0.246779
12	0.935519	0.051120	0.000000	0.013361
13	0.000000	0.000000	0.000000	1.000000
14	0.000000	0.000000	1.000000	0.000000
15	0.091049	0.335867	0.189355	0.383728
16	0.001369	0.994450	0.000116	0.004066
17	0.011480	0.000065	0.000148	0.988307
18	0.425943	0.200048	0.000196	0.373813
19	0.000000	0.995821	0.003972	0.000206
20	0.023173	0.044206	0.932586	0.000035
21	0.245741	0.009374	0.136497	0.608388
22	0.000000	0.999400	0.000052	0.000549
23	1.000000	0.000000	0.000000	0.000000
24	0.743389	0.031504	0.000655	0.224452
25	0.117750	0.015744	0.000272	0.866234
26	0.000000	1.000000	0.000000	0.000000
27	0.000000	0.144688	0.204109	0.651204
28	0.079917	0.344360	0.299035	0.276688
29	0.208475	0.203429	0.102708	0.485387
30	0.282046	0.233072	0.211658	0.273223
XX
PD	0
XX
//
AC	motif20
XX
ID	motif20
P0	A	C	G	T
01	0.270701	0.257918	0.229874	0.241507
02	0.221328	0.267376	0.243169	0.268128
03	0.215216	0.268625	0.241453	0.274706
04	0.266472	0.220688	0.282093	0.230747
05	0.229282	0.269900	0.252879	0.247939
06	0.246461	0.239778	0.239069	0.274692
07	0.270058	0.214422	0.313078	0.202442
08	0.279574	0.212988	0.255281	0.252157
09	0.253383	0.216957	0.264221	0.265440
10	0.002294	0.783377	0.214329	0.000000
11	0.009650	0.000000	0.005523	0.984827
12	0.105129	0.000798	0.000000	0.894073
13	0.988483	0.000001	0.008150	0.003366
14	0.140020	0.215734	0.456200	0.188046
15	0.000000	0.004485	0.000244	0.995271
16	0.511644	0.474145	0.012904	0.001307
17	0.222276	0.267521	0.212446	0.297757
18	0.043375	0.100665	0.527498	0.328462
19	0.483908	0.202791	0.108061	0.205240
20	0.105443	0.217678	0.285308	0.391571
21	0.260005	0.253830	0.242324	0.243841
22	0.259918	0.255671	0.235047	0.249364
23	0.238664	0.242027	0.249400	0.269910
24	0.243339	0.216899	0.262493	0.277269
25	0.255557	0.233683	0.280582	0.230178
26	0.261247	0.275984	0.249532	0.213238
27	0.233783	0.270350	0.239537	0.256330
28	0.226423	0.244884	0.250532	0.278162
29	0.249693	0.236584	0.258890	0.254834
30	0.250397	0.282271	0.220740	0.246592
XX
PD	0
XX
//
AC	motif21
XX
ID	motif21
P0	A	C	G	T
01	0.249997	0.275933	0.234958	0.239112
02	0.240430	0.265183	0.255185	0.239202
03	0.323216	0.209258	0.237811	0.229715
04	0.258140	0.262205	0.273094	0.206560
05	0.287254	0.261503	0.235534	0.215709
06	0.246851	0.241482	0.251815	0.259851
07	0.056311	0.001197	0.831355	0.111137
08	0.000000	0.999614	0.000000	0.000386
09	0.000036	0.412514	0.086074	0.501376
10	1.000000	0.000000	0.000000	0.000000
11	0.000000	0.983210	0.012895	0.003896
12	0.014849	0.389996	0.014162	0.580993
13	0.033806	0.297098	0.017874	0.651222
14	0.209149	0.159094	0.244975	0.386783
15	0.003088	0.996912	0.000000	0.000000
16	0.200356	0.115645	0.041069	0.642930
17	0.032275	0.550948	0.053002	0.363775
18	0.000000	1.000000	0.000000	0.000000
19	0.000000	0.000000	1.000000	0.000000
20	0.345318	0.104693	0.329571	0.220417
21	0.000000	0.002664	0.997336	0.000000
22	0.000000	0.000000	0.000000	1.000000
23	0.000000	1.000000	0.000000	0.000000
24	0.000000	0.000000	0.000044	0.999956
25	0.232356	0.258670	0.272638	0.236336
26	0.261779	0.251277	0.261618	0.225326
27	0.226828	0.228381	0.285992	0.258799
28	0.244173	0.234939	0.267424	0.253465
29	0.225948	0.264731	0.264880	0.244442
30	0.260603	0.257585	0.233380	0.248431
XX
PD	0
XX
//
AC	motif22
XX
ID	motif22
P0	A	C	G	T
01	0.234164	0.254992	0.266195	0.244650
02	0.288715	0.251369	0.226521	0.233395
03	0.252640	0.265987	0.251970	0.229402
04	0.241666	0.243872	0.239854	0.274608
05	0.227447	0.260862	0.275705	0.235985
06	0.272666	0.212254	0.286007	0.229072
07	0.239596	0.275248	0.254962	0.230195
08	0.259100	0.234065	0.252384	0.254451
09	0.230065	0.274591	0.232169	0.263175
10	0.011012	0.928751	0.015905	0.044332
11	0.260105	0.286497	0.211241	0.242157
12	0.000051	0.001173	0.000000	0.998775
13	0.217813	0.165217	0.368428	0.248543
14	0.249385	0.549496	0.116454	0.084665
15	0.000000	0.000000	1.000000	0.000000
16	0.109973	0.676204	0.095331	0.118492
17	0.883287	0.112150	0.004561	0.000002
18	1.000000	0.000000	0.000000	0.000000
19	0.000158	0.004449	0.110008	0.885384
20	0.000000	0.884119	0.115880	0.000000
21	0.605706	0.148280	0.095526	0.150487
22	0.266293	0.241728	0.275751	0.216227
23	0.260416	0.229310	0.242956	0.267318
24	0.222492	0.240116	0.271489	0.265903
25	0.221763	0.308592	0.227142	0.242502
26	0.247727	0.262777	0.284345	0.205151
27	0.246300	0.248125	0.269010	0.236565
28	0.231629	0.270345	0.256357	0.241669
29	0.235823	0.228782	0.257421	0.277973
30	0.271668	0.269915	0.228944	0.229473
XX
PD	0
XX
//
AC	motif23
XX
ID	motif23
P0	A	C	G	T
01	0.237088	0.245562	0.225591	0.291759
02	0.272839	0.197088	0.275306	0.254767
03	0.261148	0.251307	0.269161	0.218383
04	0.276525	0.234085	0.260407	0.228983
05	0.282454	0.232286	0.254077	0.231182
06	0.229953	0.277394	0.257970	0.234684
07	0.231961	0.250916	0.273234	0.243889
08	0.238902	0.248614	0.259674	0.252809
09	0.303040	0.232521	0.211932	0.252507
10	0.256237	0.254369	0.251483	0.237911
11	0.230950	0.253948	0.274255	0.240848
12	0.236691	0.243463	0.253880	0.265967
13	0.019116	0.021462	0.947606	0.011816
14	0.924613	0.012856	0.061909	0.000622
15	0.000000	1.000000	0.000000	0.000000
16	0.020443	0.711932	0.045076	0.222549
17	0.000019	0.773362	0.000000	0.226618
18	0.005868	0.065619	0.062643	0.865870
19	0.265496	0.259764	0.230666	0.244074
20	0.237529	0.225694	0.251928	0.284849
21	0.230599	0.272659	0.278574	0.218168
22	0.258401	0.252611	0.248415	0.240573
23	0.216985	0.248532	0.260613	0.273870
24	0.233976	0.210201	0.297391	0.258432
25	0.183171	0.236201	0.259519	0.321109
26	0.231444	0.241591	0.274177	0.252788
27	0.236815	0.235382	0.274097	0.253707
28	0.262239	0.272804	0.220884	0.244073
29	0.272892	0.261317	0.238576	0.227215
30	0.256344	0.240734	0.228817	0.274105
XX
PD	0
XX
//
AC	motif24
XX
ID	motif24
P0	A	C	G	T
01	0.276404	0.255451	0.253111	0.215034
02	0.250264	0.229828	0.235777	0.284130
03	0.227131	0.215522	0.277228	0.280119
04	0.001996	0.185320	0.012562	0.800123
05	1.000000	0.000000	0.000000	0.000000
06	0.000000	0.000000	1.000000	0.000000
07	0.248003	0.214025	0.274032	0.263939
08	0.248996	0.002379	0.126165	0.622460
09	0.134181	0.000661	0.327926	0.537231
10	0.000000	0.000677	0.723328	0.275994
11	0.259279	0.004097	0.186898	0.549726
12	0.030841	0.015566	0.046076	0.907518
13	0.601648	0.000002	0.398332	0.000018
14	0.340466	0.374581	0.251371	0.033582
15	0.944743	0.002090	0.008852	0.044314
16	0.133121	0.346777	0.344730	0.175373
17	0.006227	0.000000	0.993773	0.000000
18	0.956706	0.000393	0.041375	0.001525
19	0.000165	0.000000	0.000443	0.999392
20	0.021334	0.879847	0.098819	0.000000
21	0.364610	0.253164	0.161364	0.220862
22	0.023269	0.000009	0.975925	0.000796
23	0.000000	1.000000	0.000000	0.000000
24	0.000000	0.999986	0.000000	0.000014
25	0.155574	0.267439	0.346564	0.230423
26	0.215170	0.515848	0.126476	0.142507
27	0.761508	0.200232	0.033950	0.004310
28	0.233379	0.267388	0.252282	0.246951
29	0.253381	0.239546	0.249740	0.257333
30	0.284917	0.242284	0.231678	0.241121
XX
PD	0
XX
//
AC	motif25
XX
ID	motif25
P0	A	C	G	T
01	0.260787	0.274863	0.230780	0.233571
02	0.234930	0.273177	0.227390	0.264504
03	0.249299	0.254224	0.257204	0.239272
04	0.258753	0.260366	0.252060	0.228821
05	0.222331	0.307967	0.218590	0.251113
06	0.228891	0.248215	0.273221	0.249673
07	0.237479	0.264450	0.235176	0.262895
08	0.285211	0.244070	0.241577	0.229143
09	0.239724	0.255778	0.254884	0.249614
10	0.260689	0.256452	0.246126	0.236734
11	0.221720	0.235207	0.289636	0.253437
12	0.173494	0.315272	0.143633	0.367600
13	0.999992	0.000008	0.000000	0.000000
14	0.001602	0.988172	0.010226	0.000000
15	0.028218	0.220345	0.562229	0.189209
16	0.242841	0.240847	0.280867	0.235445
17	0.000000	0.998988	0.000154	0.000858
18	0.987403	0.000011	0.012534	0.000052
19	0.254079	0.233344	0.257452	0.255125
20	0.223117	0.277345	0.248501	0.251036
21	0.242217	0.246758	0.243405	0.267620
22	0.217644	0.229300	0.287922	0.265134
23	0.258773	0.234996	0.259022	0.247209
24	0.226728	0.247304	0.261624	0.264345
25	0.275287	0.220145	0.256564	0.248004
26	0.253525	0.254650	0.253089	0.238736
27	0.249987	0.248963	0.259452	0.241597
28	0.229771	0.256585	0.271393	0.242251
29	0.280459	0.230600	0.268931	0.220010
30	0.244686	0.231737	0.257281	0.266296
XX
PD	0
XX
//
AC	motif26
XX
ID	motif26
P0	A	C	G	T
01	0.224956	0.262886	0.259674	0.252484
02	0.268197	0.221195	0.246809	0.263798
03	0.247324	0.277546	0.233174	0.241957
04	0.246776	0.230426	0.263002	0.259795
05	0.245265	0.222295	0.265158	0.267283
06	0.279983	0.225670	0.231640	0.262708
07	0.223687	0.238377	0.274277	0.263658
08	0.253246	0.257725	0.260963	0.228066
09	0.000891	0.000382	0.729993	0.268734
10	0.146444	0.185986	0.137499	0.530072
11	1.000000	0.000000	0.000000	0.000000
12	0.013724	0.582719	0.256409	0.147148
13	0.000000	1.000000	0.000000	0.000000
14	0.000000	0.000000	0.998644	0.001356
15	0.074232	0.306826	0.000000	0.618942
16	0.006571	0.134434	0.335702	0.523293
17	0.088367	0.000002	0.911582	0.000049
18	0.027850	0.000138	0.227018	0.744994
19	0.000000	0.000037	0.000000	0.999963
20	0.323495	0.204875	0.067969	0.403661
21	0.300726	0.088597	0.200884	0.409793
22	0.288093	0.253051	0.216769	0.242087
23	0.243819	0.259789	0.205683	0.290710
24	0.272033	0.236232	0.231282	0.260453
25	0.248011	0.249199	0.263148	0.239642
26	0.243436	0.259512	0.230147	0.266905
27	0.247021	0.280199	0.236065	0.236715
28	0.263036	0.251558	0.233100	0.252307
29	0.208230	0.270437	0.280582	0.240751
30	0.219288	0.224960	0.333882	0.221870
XX
PD	0
XX
//
AC	motif27
XX
ID	motif27
P0	A	C	G	T
01	0.224586	0.293553	0.223150	0.258711
02	0.227446	0.239891	0.267823	0.264840
03	0.249767	0.239651	0.235892	0.274690
04	0.233697	0.253706	0.246661	0.265937
05	0.240381	0.245318	0.258858	0.255443
06	0.243876	0.246476	0.255807	0.253841
07	0.130922	0.000011	0.869067	0.000000
08	1.000000	0.000000	0.000000	0.000000
09	0.203671	0.391360	0.153850	0.251119
10	0.019878	0.010849	0.136975	0.832299
11	0.104217	0.296394	0.461877	0.137512
12	0.055929	0.326209	0.301396	0.316465
13	0.000000	0.004162	0.000000	0.995838
14	0.158558	0.153274	0.281030	0.407138
15	0.453262	0.078288	0.456017	0.012433
16	0.050796	0.000000	0.000000	0.949204
17	0.955290	0.032168	0.000028	0.012514
18	0.372950	0.181751	0.006608	0.438691
19	0.118120	0.594049	0.130354	0.157477
20	0.000000	0.000000	0.000000	1.000000
21	0.208904	0.104189	0.257494	0.429414
22	0.394227	0.600817	0.004936	0.000021
23	0.360142	0.144628	0.195719	0.299512
24	0.282771	0.000000	0.717229	0.000000
25	0.242505	0.268588	0.248699	0.240208
26	0.273845	0.215574	0.265011	0.245571
27	0.231866	0.301059	0.233081	0.233994
28	0.249000	0.245040	0.259626	0.246334
29	0.272488	0.218455	0.264924	0.244132
30	0.268644	0.255840	0.242035	0.233480
XX
PD	0
XX
//
AC	motif28
XX
ID	motif28
P0	A	C	G	T
01	0.263819	0.214233	0.277883	0.244065
02	0.264200	0.272875	0.255635	0.207289
03	0.268975	0.262250	0.236634	0.232142
04	0.223617	0.258860	0.252166	0.265357
05	0.264181	0.226608	0.278995	0.230216
06	0.240765	0.270397	0.255857	0.232981
07	0.291919	0.243828	0.264954	0.199299
08	0.121332	0.197765	0.368428	0.312475
09	0.218682	0.267822	0.308491	0.205005
10	0.171763	0.357856	0.281934	0.188447
11	0.000000	1.000000	0.000000	0.000000
12	0.025650	0.532273	0.268905	0.173173
13	0.000000	1.000000	0.000000	0.000000
14	0.000000	0.000000	1.000000	0.000000
15	0.241366	0.244361	0.250952	0.263321
16	0.000000	0.000000	0.000000	1.000000
17	0.000000	0.000000	0.000000	1.000000
18	0.303576	0.135630	0.440529	0.120265
19	0.007787	0.930639	0.054165	0.007409
20	0.039697	0.323756	0.612630	0.023918
21	0.198814	0.243850	0.412949	0.144387
22	0.000000	0.000000	1.000000	0.000000
23	0.130946	0.722501	0.144080	0.002472
24	0.355852	0.583333	0.000281	0.060534
25	0.248543	0.246427	0.273323	0.231707
26	0.249211	0.235875	0.254772	0.260142
27	0.259026	0.243526	0.204576	0.292872
28	0.280759	0.261598	0.229902	0.227741
29	0.254955	0.273017	0.224897	0.247131
30	0.236850	0.309952	0.203334	0.249864
XX
PD	0
XX
//
AC	motif29
XX
ID	motif29
P0	A	C	G	T
01	0.238278	0.247814	0.241263	0.272646
02	0.256651	0.254860	0.225334	0.263155
03	0.242277	0.286794	0.238579	0.232350
04	0.263830	0.241629	0.231473	0.263068
05	0.245887	0.253202	0.263169	0.237742
06	0.234435	0.246224	0.281051	0.238290
07	0.259588	0.257351	0.229101	0.253959
08	0.278960	0.238692	0.210949	0.271398
09	0.246686	0.275538	0.248605	0.229172
10	0.274639	0.248748	0.257001	0.219612
11	0.294032	0.203244	0.260367	0.242357
12	0.253512	0.220137	0.212974	0.313377
13	0.426340	0.000014	0.573647	0.000000
14	0.922220	0.013923	0.000005	0.063851
15	0.000000	1.000000	0.000000	0.000000
16	0.001106	0.998894	0.000000	0.000000
17	0.176806	0.223714	0.379455	0.220025
18	0.818933	0.000000	0.000007	0.181060
19	0.080243	0.078763	0.340964	0.500030
20	0.255200	0.268423	0.202472	0.273906
21	0.228862	0.262735	0.260464	0.247939
22	0.258204	0.241607	0.304607	0.195582
23	0.249527	0.268858	0.252688	0.228927
24	0.233190	0.242731	0.241686	0.282393
25	0.270671	0.228071	0.244957	0.256301
26	0.256982	0.253482	0.265479	0.224057
27	0.254159	0.264412	0.239702	0.241727
28	0.255799	0.229776	0.256160	0.258265
29	0.230499	0.235430	0.222565	0.311506
30	0.245440	0.236224	0.243211	0.275125
XX
PD	0
XX
//
AC	motif30
XX
ID	motif30
P0	A	C	G	T
01	0.229020	0.170703	0.367438	0.232839
02	0.000000	0.000003	0.000000	0.999997
03	0.416888	0.288613	0.098715	0.195784
04	0.998979	0.000000	0.001021	0.000000
05	0.224228	0.014980	0.708549	0.052243
06	0.252355	0.254908	0.235281	0.257456
07	0.172015	0.161756	0.648203	0.018026
08	0.538009	0.338128	0.092232	0.031631
09	0.000001	0.638012	0.361423	0.000565
10	0.293210	0.177797	0.283778	0.245216
11	0.002775	0.166527	0.823434	0.007264
12	0.246450	0.347505	0.116178	0.289866
13	0.000010	0.000075	0.999915	0.000000
14	0.078395	0.463207	0.158567	0.299831
15	0.000000	0.000000	1.000000	0.000000
16	0.256081	0.287134	0.372605	0.084180
17	0.072970	0.244230	0.559943	0.122856
18	0.000713	0.040088	0.910209	0.048990
19	0.184679	0.247548	0.267074	0.300700
20	0.436586	0.389254	0.100276	0.073884
21	0.812485	0.022881	0.091657	0.072977
22	0.000000	0.000000	0.000101	0.999899
23	0.006295	0.649018	0.291644	0.053043
24	0.041387	0.582089	0.201835	0.174689
25	0.233659	0.256787	0.246745	0.262809
26	0.172187	0.000000	0.579068	0.248744
27	0.643150	0.027412	0.311721	0.017717
28	0.003635	0.665795	0.077455	0.253115
29	0.237299	0.083356	0.483154	0.196190
30	0.000000	0.000000	1.000000	0.000000
XX
PD	0
XX
//
AC	motif31
XX
ID	motif31
P0	A	C	G	T
01	0.281664	0.208035	0.240002	0.270299
02	0.250118	0.211059	0.261220	0.277603
03	0.283184	0.229531	0.259536	0.227750
04	0.000000	0.000000	1.000000	0.000000
05	0.207315	0.158922	0.209627	0.424136
06	0.548430	0.079925	0.089438	0.282207
07	0.000000	1.000000	0.000000	0.000000
08	0.188788	0.308098	0.048700	0.454413
09	0.000000	0.999994	0.000006	0.000000
10	0.188734	0.000000	0.000000	0.811266
11	0.092223	0.398855	0.015001	0.493920
12	0.044584	0.192245	0.325268	0.437903
13	0.363038	0.206548	0.079451	0.350963
14	0.999735	0.000000	0.000265	0.000000
15	0.341464	0.346553	0.165267	0.146716
16	0.000000	0.000000	1.000000	0.000000
17	0.044014	0.038266	0.917159	0.000561
18	0.999991	0.000000	0.000000	0.000009
19	0.256803	0.237554	0.230736	0.274906
20	1.000000	0.000000	0.000000	0.000000
21	0.000000	0.999772	0.000000	0.000227
22	0.000000	0.000000	0.000000	1.000000
23	0.364449	0.307592	0.287729	0.040230
24	0.318693	0.174373	0.408839	0.098095
25	1.000000	0.000000	0.000000	0.000000
26	0.966186	0.001189	0.028900	0.003725
27	0.000000	0.000000	1.000000	0.000000
28	0.246448	0.257735	0.247430	0.248386
29	0.259008	0.266871	0.248932	0.225190
30	0.257955	0.230597	0.231859	0.279590
XX
PD	0
XX
//
AC	motif32
XX
ID	motif32
P0	A	C	G	T
01	0.023696	0.546350	0.399085	0.030869
02	0.000000	0.000000	1.000000	0.000000
03	0.292453	0.174269	0.285296	0.247982
04	0.004771	0.032634	0.001119	0.961476
05	1.000000	0.000000	0.000000	0.000000
06	0.355323	0.507056	0.088474	0.049147
07	0.999348	0.000000	0.000000	0.000652
08	0.271436	0.331014	0.212483	0.185067
09	0.615901	0.000000	0.231478	0.152621
10	0.229450	0.000011	0.000002	0.770537
11	0.065460	0.183106	0.720691	0.030743
12	0.005939	0.584692	0.409368	0.000000
13	0.000000	1.000000	0.000000	0.000000
14	0.012515	0.000006	0.006556	0.980923
15	0.000000	0.000000	0.000000	1.000000
16	0.277218	0.433939	0.201641	0.087202
17	1.000000	0.000000	0.000000	0.000000
18	0.365487	0.068731	0.228991	0.336791
19	0.000002	0.976818	0.000000	0.023180
20	0.321177	0.177531	0.361821	0.139470
21	0.138230	0.260971	0.296943	0.303856
22	0.215992	0.107329	0.617310	0.059369
23	0.000000	0.000157	0.999843	0.000000
24	0.395298	0.016632	0.583048	0.005022
25	0.075293	0.228422	0.056612	0.639673
26	0.000000	0.016939	0.793537	0.189524
27	0.032187	0.224231	0.655343	0.088238
28	0.999279	0.000000	0.000000	0.000721
29	0.000000	0.000004	0.999996	0.000000
30	0.542007	0.181562	0.144774	0.131656
XX
PD	0
XX
//
AC	motif33
XX
ID	motif33
P0	A	C	G	T
01	0.239046	0.209150	0.246442	0.305362
02	0.256876	0.243842	0.282431	0.216850
03	0.248791	0.264765	0.231859	0.254584
04	0.263548	0.259355	0.205928	0.271169
05	0.255788	0.238179	0.280877	0.225155
06	0.286589	0.223980	0.229618	0.259813
07	0.252472	0.274582	0.245638	0.227307
08	0.228606	0.259437	0.236903	0.275054
09	0.251818	0.262918	0.257424	0.227840
10	0.243728	0.228116	0.254711	0.273445
11	0.237455	0.244178	0.242652	0.275716
12	0.241220	0.279137	0.352182	0.127461
13	0.000514	0.001379	0.000000	0.998107
14	0.255733	0.340133	0.006585	0.397549
15	1.000000	0.000000	0.000000	0.000000
16	0.000000	0.000232	0.823529	0.176239
17	0.292855	0.651885	0.002900	0.052360
18	0.232629	0.174679	0.333367	0.259326
19	1.000000	0.000000	0.000000	0.000000
20	0.259544	0.243573	0.260103	0.236781
21	0.263462	0.231046	0.277312	0.228180
22	0.270635	0.257509	0.220038	0.251818
23	0.250605	0.288925	0.252411	0.208059
24	0.245746	0.240722	0.252177	0.261354
